648950346852794324804012349550
516445173191390384712657350504
681604449666535172688051371460
049404685798909946742936036533
497246688802554573982127489620
532570184523432640328412520916
053401407135165083699857084737
238309510209956259976802563040
391781789330152892941133697493
105450510044520656208716427407
858967843805902859927493831612
071640457691686263937477860023
892548177102732367058328176334
581477743210095375009482058564
731659765650660860943260677372
001503187324818849853657577843
512223435633004238966445966922
633394229056178101170220016544
141466691500068585138372630847
276766994955908086439404983534
346850258874048977103570064371
948316427393931237607504483893
624637664020670038154577176994
969292469010012723425753084383
064887724314595784920109485851
355273747088146006035782074261
049789399520585036272463427947
993356938443207721529841008264
685008703247107426994759112752
621519260886900849620526362672
